97
98
23
31
41
58
11
32
65
33
81
30
89
66
92
53
86
43
52
82
39
6
3
20
73
34
18
84
47
57
26
90
55
14
2
96
49
24
9
60
88
42
37
71
4
40
7
0
69
59
28
91
79
64
87
16
48
93
10
95
17
21
51
46
50
67
44
13
8
78
565
566
180
125
113
206
156
327
116
457
433
499
154
309
153
376
340
305
157
577
321
139
207
595
358
239
297
606
403
331
181
568
291
317
270
608
413
293
298
345
585
279
434
417
445
498
250
143
522
601
382
103
266
599
281
150
559
259
117
190
393
424
378
221
573
195
248
427
314
497
426
173
557
171
165
126
271
209
503
551
586
439
397
554
131
313
192
129
389
227
472
118
302
395
491
529
215
363
600
366
350
136
201
311
197
168
567
251
380
371
563
479
534
388
506
217
500
501
484
323
238
196
320
232
255
228
241
547
548
338
517
430
252
527
151
494
610
406
294
377
466
318
592
552
247
122
303
328
364
240
185
496
263
141
295
617
368
528
514
390
398
292
287
414
418
384
258
336
152
110
175
519
214
370
369
202
106
578
359
515
356
549
383
391
604
375
507
164
288
381
147
372
296
487
290
394
272
108
416
120
274
205
284
571
253
315
353
462
172
256
111
489
476
275
112
115
149
437
540
308
373
614
480
508
589
343
163
127
174
280
579
474
178
166
392
495
570
265
245
490
218
443
422
399
521
301
159
486
289
459
346
277
341
182
452
226
242
208
432
138
306
469
542
471
102
412
597
374
229
533
421
543
458
146
482
477
183
124
518
593
524
531
144
612
558
167
502
588
276
602
249
560
431
590
456
405
325
367
576
583
160
545
342
532
446
194
468
569
329
237
107
179
550
121
511
539
137
186
574
155
615
285
324
347
379
184
449
216
223
561
213
104
203
212
269
105
222
260
407
603
220
326
402
176
307
170
123
283
349
189
286
451
467
525
492
145
493
537
450
461
505
555
807
718
708
692
644
749
722
657
805
809
713
693
664
772
754
766
645
683
699
740
781
651
647
652
677
726
703
637
789
804
662
753
668
671
669
758
816
756
619
639
661
666
663
630
794
707
736
813
727
770
636
751
705
642
765
763
691
811
782
686
633
777
650
797
660
745
815
679
704
710
681
698
701
649
775
622
702
688
632
655
729
746
787
627
653
786
680
640
625
776
802
720
737
825
706
760
734
695
817
675
728
723
676
659
780
697
798
744
658
624
768
757
700
742
784
764
670
823
654
743
719
806
626
803
774
750
767
731
812
641
687
826
752
714
711
685
682
712
628
694
635
814
715
796
793
799
779
907
936
962
930
997
878
911
901
1032
995
1027
918
854
980
994
905
954
983
909
844
893
894
899
846
869
852
875
988
1016
965
999
865
903
887
848
855
934
858
839
1024
939
1028
1029
977
910
1012
944
868
992
924
856
932
1006
863
1019
1037
876
1034
871
925
842
850
1009
989
880
881
947
867
938
895
840
828
874
951
950
873
975
1025
990
1020
927
832
1015
968
912
896
841
922
870
862
904
845
882
1033
1005
987
1021
849
1035
829
920
943
996
972
926
937
1022
898
1007
929
964
948
851
928
861
933
1030
985
952
879
921
973
914
884
940
836
919
959
969
888
1036
986
971
991
979
949
834
957
847
1023
889
877
923
890
1004
872
970
1178
1112
1109
1081
1186
1136
1235
1206
1115
1196
1202
1228
1161
1080
1098
1241
1123
1066
1158
1231
1166
1128
1051
1124
1055
1221
1238
1065
1153
1106
1084
1216
1090
1152
1198
1105
1050
1056
1127
1164
1125
1059
1233
1145
1117
1041
1157
1242
1121
1245
1129
1062
1167
1220
1085
1201
1244
1168
1155
1214
1119
1176
1210
1107
1237
1200
1234
1053
1079
1243
1183
1057
1078
1082
1111
1239
1058
1043
1225
1182
1093
1224
1077
1146
1203
1118
1049
1187
1133
1189
1195
1173
1087
1071
1144
1042
1148
1096
1190
1047
1074
1100
1069
1227
1094
1091
1154
1191
1116
1139
1104
1229
1230
1138
1219
1052
1199
1149
1054
1232
1076
1188
1246
1083
1038
1207
1215
1147
1162
1143
1131
1163
1130
1073
1156
1141
1132
1236
1185
1179
1218
1165
1110
1170
1089
1135
1205
1406
1287
1263
1382
1412
1281
1332
1252
1429
1430
1420
1346
1283
1376
1373
1349
1269
1311
1367
1442
1444
1249
1449
1426
1295
1399
1316
1257
1437
1327
1318
1335
1298
1268
1418
1431
1439
1370
1384
1274
1334
1286
1377
1253
1368
1255
1446
1369
1405
1304
1392
1379
1299
1411
1313
1436
1330
1450
1258
1443
1277
1302
1323
1284
1264
1371
1363
1322
1457
1424
1396
1271
1336
1310
1337
1433
1400
1329
1266
1288
1348
1280
1325
1262
1326
1456
1254
1380
1289
1455
1308
1301
1270
1320
1366
1448
1356
1359
1357
1391
1261
1447
1279
1294
1292
1445
1293
1278
1451
1452
1351
1300
1416
1333
1276
1408
1260
1358
1413
1328
1419
1390
1352
1251
1354
1306
1434
1321
1285
1385
1259
1378
1324
1417
1438
1340
1415
1410
1427
1407
1388
1397
1250
1454
1402
1265
1423
